[0.7243424132242368, 0.6241673986293955, 0.29281927343107444]
[0.7147209122151515, 0.636180152631069, 0.2906008104611056]
[0.7048350192872453, 0.6407591084429504, 0.30436057651040144]
[0.7065367819151801, 0.6423061653774365, 0.2970666014870644]
[0.7031006064676614, 0.6391823695160558, 0.3116014051390772]
[0.70436896720592, 0.6424464206383667, 0.30187241451682284]
[0.7078765378137089, 0.6378667703376278, 0.3033756590630181]
[0.6889100420414972, 0.6419389028113952, 0.3366264978157316]
[0.6700440380975673, 0.6392374156562999, 0.37738112490552644]
[0.6539971229849121, 0.6539971229849121, 0.38023088545634426]
[0.6653845290210098, 0.6504320676946949, 0.3663353024947132]
[0.6793970938931732, 0.6424733387902833, 0.35446804898774253]
[0.7011690717810598, 0.6347425281386436, 0.32475199114070136]
[0.7137141782892356, 0.6336034031751376, 0.2985947072434557]
[0.7225048527941669, 0.6414073693172706, 0.25803744742648815]
[0.751988053460433, 0.6266567112170274, 0.20448797944976685]
[0.7486241638984771, 0.6369872271767744, 0.18387260165927508]
[0.7489842578569706, 0.6332875025782516, 0.1948576931010005]
[0.7411515888288198, 0.6403549727481003, 0.20159323216143898]
[0.7344686684563388, 0.6426600848992965, 0.2180453859479756]
[0.7376719460996608, 0.6370803170860707, 0.22353695336353357]
[0.7270691096229792, 0.6450688341015905, 0.23506745649464741]
[0.7263109451666608, 0.648689928125949, 0.22731869276208466]
[0.7209099435454006, 0.6466986258274917, 0.249137995195837]
[0.7114559755864471, 0.6602720924507315, 0.24056425073786342]
[0.7135983371972928, 0.6517531479735275, 0.2568954013910254]
[0.7092703523212961, 0.6557405144102549, 0.2587275499033659]
[0.7067604616728647, 0.661560664705414, 0.2506534195467718]
[0.7051477016292483, 0.6634454181995616, 0.25021370057812037]
[0.7024348012241449, 0.6628102739756034, 0.2593605419904535]
[0.7015326880559795, 0.6633304129638221, 0.260470057446527]
